38,4
38,3
38,2
38,1
38,0
37,3
37,2
37,1
37,0
36,3
36,2
36,1
36,0
34,52
34,51
34,50
34,49
34,48
34,47
34,46
34,45
34,44
34,43
34,42
34,41
4,40
4,39
4,4
4,32
4,67
4,80
4,30
4,86
4,12
4,6
4,1
4,18
4,2
4,3
6,6
6,1
6,7
6,2
6,3
7,12
7,10
7,4
7,13
7,5
7,1
7,6
7,2
7,3
5,4
5,2
5,1
5,3
35,3
35,2
35,1
35,0
29,1
29,3
30,1
30,3
34,40
34,39
34,38
34,37
34,36
34,35
3,2
3,1
3,3
10,303
10,121
10,231
10,163
10,277
10,243
12,2
12,1
12,3
11,29
11,28
11,27
11,26
11,25
11,24
11,23
11,22
11,21
11,20
11,19
20,2
20,1
11,18
20,3
11,17
11,16
11,15
11,14
11,13
11,12
11,11
11,10
11,9
11,8
11,7
11,6
11,5
11,4
11,3
19,2
11,2
19,1
11,1
19,3
11,0
10,95
10,94
10,93
10,92
10,91
10,90
10,89
10,88
10,87
10,86
10,85
10,84
10,83
10,82
10,81
10,80
10,79
10,78
